0.295058326313  5.59087339549
0.378192955152  5.80393220726
0.382167045038  6.54275597184
0.418124229574  4.37127518312
0.590723474735  4.75264503048
0.590473606808  4.51756928481
0.664125152895  4.80894384397
0.707090537859  3.23077801733
0.794532413819  4.49609492126
0.837378814055  5.80598826335
0.835605941621  4.13806987735
0.87661997706  3.72407441781
0.876500992333  3.61213358653
0.917645910971  3.32127304139
0.917515027771  3.19813812699
0.919038032278  4.63098076731
0.919466377296  5.0339677599
0.967797973452  5.50433342376
1.00486171595  4.37390236589
1.00429058926  3.83658637577
1.04580436055  3.89274240758
1.04638738572  4.44125248083
1.04497146746  3.10915658866
1.08333214349  3.19888059169
1.12746357878  2.71773491155
1.25583620087  6.49069777403
1.24961329964  3.63619229836
1.29419687689  3.58042177706
1.33241477124  3.53581678256
1.91810519202  2.55336465011
1.54251800239  3.20093664777
