1  2.53942186845
1.9974025974  3.20606991575
3  2.95519247777
1.00519480519  2.55379602476
1.9974025974  2.90499464693
3.00519480519  2.4247637667
0.994805194805  1.63615882326
2.0025974026  2.00180607923
3.00519480519  1.693580971
1  1.80823907276
2.0025974026  1.48567704697
3  1.32078387562
1  0.862002513615
1.9974025974  0.897826188149
3  1.49282688638
1  0.948024018992
2.0025974026  1.38531862403
3  1.10573011218
1.00519480519  1.06275659824
1.99220779221  0.654061350836
3.00519480519  2.4247637667
1  0.560927244798
2.00779220779  0.826216077829
3  1.82257599032
1  0.575264162361
1.9974025974  0.338686403203
3.00519480519  0.890713587488
1  0.331536563795
1.9974025974  0.353023320765
3.00519480519  0.302899967416
1  0.302862728669
2.0025974026  0.295712889261
3.00519480519  0.403258390355
