87.3707882258  0.986784140969
92.7345366845  0.986784140969
97.3584577695  0.986784140969
117.095064015  2.00440528634
122.697545316  0.986784140969
127.109621558  4.99559471366
132.341374384  3.99339207048
142.223121507  5.99779735683
147.507835543  3.99339207048
152.395747894  5.99779735683
157.415655877  2.00440528634
162.409490649  2.00440528634
167.536135841  2.99118942731
172.186130138  5.99779735683
177.338848542  2.99118942731
181.935881628  7
187.034824033  5.01101321586
192.23968886  1.01762114537
196.970347154  5.99779735683
202.360168824  2.00440528634
207.354003596  2.00440528634
212.295691945  2.99118942731
217.579591194  1.00220264317
232.376138666  1.00220264317
237.554930281  1.00220264317
